36 62
15 99
50 27
95 83
3 3
43 7
18 32
81 68
4 95
98 57
40 17
73 12
29 64
62 97
11 95
58 75
74 99
26 73
9 77
32 21
80 12
45 75
96 98
45 78
35 0
69 96
8 28
44 42
39 37
33 6
34 50
49 43
68 8
37 27
49 29
42 69
45 29
80 39
69 41
41 25
21 57
85 62
4 81
19 29
87 96
98 4
47 21
82 0
27 67
97 19
89 28
10 91
30 34
27 90
67 51
8 20
82 41
22 45
26 38
86 93
97 14
35 85
37 96
64 17
37 16
45 13
4 78
12 7
49 86
37 91
11 16
9 98
43 45
83 32
25 70
84 70
7 75
71 71
41 44
12 87
0 78
8 9
16 4
42 72
63 65
34 80
78 26
71 43
75 73
43 54
76 53
28 79
3 83
79 99
87 44
74 92
1 39
44 82
54 70
35 38
